film_id,title,release_year,release_season,genre,mpaa_rating,studio,is_franchise,sequel_number,production_budget,marketing_budget,total_cost,domestic_gross,international_gross,total_gross,streaming_revenue,ancillary_revenue,total_revenue,director_avg_roi,lead_actor_avg_gross,trailer_views_24hr,social_buzz_score,pre_release_tracking,rotten_tomatoes_score,roi
1001,Film_0001,2004,Summer,Thriller,G,Paramount,0,0,14752356,11077482,25829839,29132538,33784084,62916622,16380794,9402356,88699772,2.42,201907846,2626861,22.5,46.9,78.5,2.434
1002,Film_0002,2010,Fall,Sci-Fi,G,Sony,0,0,185619659,139382675,325002334,85492547,148625477,234118024,84624796,25881309,344624128,3.87,347588934,4279337,38.4,63.7,66.1,0.0604
1003,Film_0003,2001,Fall,Drama,PG-13,Lionsgate,0,0,15918525,8471253,24389778,13732855,11081311,24814166,6977921,2004703,33796791,0.9,60054009,2551723,44.2,76.9,98.0,0.3857
1004,Film_0004,2023,Holiday,Thriller,PG,A24,0,0,64193108,34417927,98611035,122857965,106999076,229857041,95831582,30744088,356432711,2.22,230452907,23566405,51.1,41.3,40.6,2.6145
1005,Film_0005,2014,Spring,Horror,PG,Disney,0,0,38992421,31022812,70015233,75715819,90080071,165795890,53331055,18477716,237604662,1.09,214932153,18326155,38.9,65.5,15.5,2.3936
1006,Film_0006,2005,Spring,Romance,G,Warner Bros,0,0,1781028,1158506,2939534,1627736,1003036,2630772,1138015,284438,4053226,0.68,126929333,29608342,35.9,76.4,75.4,0.3789
1007,Film_0007,2007,Spring,Drama,R,Warner Bros,0,0,29750029,18222684,47972713,39338373,22820271,62158645,22572143,4684496,89415284,2.66,332446683,5189133,94.5,58.9,56.4,0.8639
1008,Film_0008,2004,Fall,Drama,PG,Disney,0,0,30975392,22774994,53750386,20011720,10127818,30139538,8636017,3786533,42562088,1.23,306082489,4678465,91.6,31.8,29.0,-0.2082
1009,Film_0009,2015,Fall,Thriller,R,A24,0,0,72587408,37318358,109905766,75639478,46056878,121696356,33821824,7078679,162596858,2.56,298486491,26062280,23.7,59.2,79.6,0.4794
1010,Film_0010,2017,Fall,Comedy,PG,Lionsgate,1,1,77133269,44095010,121228279,54372589,35075272,89447861,32674811,12739943,134862615,0.89,352953142,6208297,46.4,49.3,28.1,0.1125
1011,Film_0011,2005,Summer,Horror,R,Disney,0,0,4624237,2345000,6969236,21487439,20228418,41715857,16785490,3444993,61946340,1.66,294658148,18175920,51.6,90.4,33.2,7.8885
1012,Film_0012,2004,Holiday,Thriller,PG-13,Paramount,1,4,28885780,20672522,49558302,76462979,49991094,126454073,51378433,7938466,185770973,3.24,108099691,12649698,38.6,38.1,18.2,2.7485
1013,Film_0013,2015,Fall,Horror,R,Paramount,1,3,31728178,19967803,51695980,92443897,47549865,139993762,42719304,13192544,195905609,2.03,288113830,25840861,69.1,72.4,45.5,2.7896
1014,Film_0014,2012,Holiday,Horror,PG-13,Warner Bros,0,0,34722761,23039595,57762356,124698728,134504144,259202872,75388987,14060976,348652835,2.7,136927069,5743762,69.9,33.4,47.3,5.036
1015,Film_0015,2004,Holiday,Romance,PG-13,Sony,1,2,24730970,12388309,37119279,41858694,31641698,73500391,18621417,8707049,100828857,2.77,112026367,25030688,86.3,59.0,55.8,1.7163
1016,Film_0016,2012,Spring,Drama,R,Lionsgate,1,3,20766699,10136021,30902719,21981033,16432749,38413782,14821567,5388322,58623672,3.45,47741365,8731691,77.8,66.0,73.1,0.897
1017,Film_0017,2016,Summer,Sci-Fi,PG-13,Warner Bros,0,0,176211220,104907324,281118544,311291485,772663030,1083954514,287587930,144953227,1516495672,1.64,302730861,11764870,62.3,49.4,90.6,4.3945
1018,Film_0018,2017,Fall,Romance,G,Sony,0,0,3461252,2405661,5866914,1260573,1490957,2751530,919430,172623,3843583,2.91,290180366,29848355,71.0,59.6,22.3,-0.3449
1019,Film_0019,2007,Spring,Romance,PG-13,Sony,1,5,5588312,3409406,8997718,7468621,4623680,12092301,4478220,757306,17327826,3.87,109109802,12160201,41.4,40.6,14.8,0.9258
1020,Film_0020,2012,Spring,Horror,PG,Netflix,1,5,9866935,4075619,13942554,27034856,30516044,57550900,25174018,7558934,90283852,3.06,304764026,9918124,66.3,49.8,11.6,5.4754
1021,Film_0021,2018,Fall,Animation,R,Paramount,0,0,57348611,42863534,100212145,45930798,95658790,141589588,44226984,20165958,205982530,2.21,368779536,18973825,58.2,70.4,22.8,1.0555
1022,Film_0022,2002,Holiday,Drama,G,A24,0,0,15855471,6752445,22607917,17318917,9586644,26905561,8070442,2584736,37560739,2.71,61051004,20846985,30.4,49.6,68.6,0.6614
1023,Film_0023,2023,Spring,Comedy,R,Universal,0,0,76025425,59476955,135502380,66240119,78872797,145112916,55263647,14496361,214872924,3.09,108401923,4109684,38.9,88.5,74.7,0.5858
1024,Film_0024,2007,Holiday,Romance,PG,A24,0,0,10323158,4233081,14556239,18627878,12852419,31480297,11768840,2575913,45825050,2.64,305099102,528885,42.8,70.8,80.0,2.1481
1025,Film_0025,2001,Summer,Sci-Fi,PG,Universal,1,3,248239024,168251491,416490514,396270650,644263882,1040534531,329247972,145078100,1514860604,0.56,124312536,5090723,92.1,58.5,31.7,2.6372
1026,Film_0026,2007,Holiday,Animation,PG,Disney,0,0,213752335,92529715,306282049,303067303,579067917,882135220,384276069,100995918,1367407207,1.18,257372310,20089969,38.0,32.5,37.2,3.4645
1027,Film_0027,2012,Summer,Animation,PG-13,Paramount,0,0,298033329,227778121,525811450,1136212296,2213378143,3349590439,1403386164,264031995,5017008598,3.34,50842405,5089764,42.6,62.5,53.0,8.5415
1028,Film_0028,2012,Holiday,Comedy,PG-13,Sony,1,4,26042722,15255131,41297853,47802628,44554591,92357218,27226586,7377336,126961140,1.45,191836942,3629985,48.8,79.7,15.6,2.0743
1029,Film_0029,2000,Spring,Romance,R,Lionsgate,0,0,35060130,15952692,51012822,11668665,7108395,18777060,5592344,2612265,26981669,3.06,300854740,18656555,71.8,47.3,64.4,-0.4711
1030,Film_0030,2005,Spring,Sci-Fi,R,Universal,0,0,145961788,78283143,224244931,145897152,307203298,453100450,159699816,23272781,636073047,1.8,280875298,19395952,29.2,82.4,97.6,1.8365
1031,Film_0031,2023,Summer,Drama,G,A24,1,3,31664762,14753559,46418321,54897046,57443678,112340724,45465911,9242570,167049205,2.33,329727398,10732137,94.4,46.4,42.1,2.5988
1032,Film_0032,2018,Fall,Action,G,Sony,1,1,258999516,121272059,380271575,366290374,883882630,1250173004,323554870,131812826,1705540700,0.74,353431808,25322625,87.5,83.5,77.0,3.4851
1033,Film_0033,2015,Summer,Sci-Fi,R,Universal,0,0,108948023,84897020,193845044,152303731,269703137,422006868,164020156,27355222,613382247,1.13,313809730,18097189,65.0,35.5,54.5,2.1643
1034,Film_0034,2007,Summer,Comedy,PG-13,Universal,0,0,28264273,16339532,44603805,25563737,12838074,38401811,14579139,2273766,55254717,3.85,275203342,19927719,72.6,86.3,21.4,0.2388
1035,Film_0035,2000,Holiday,Animation,PG,Netflix,0,0,151327546,108278023,259605568,330920388,617487577,948407965,281009505,124741855,1354159325,3.62,32054547,1618844,21.3,62.4,61.8,4.2162
1036,Film_0036,2015,Holiday,Drama,R,Universal,0,0,16489972,10814820,27304792,19582224,21790785,41373009,15981177,5769070,63123256,2.78,223287336,11766354,46.4,49.3,36.7,1.3118
1037,Film_0037,2008,Summer,Sci-Fi,G,Lionsgate,0,0,208135133,139569290,347704423,285356623,626141276,911497899,399269475,120646447,1431413822,2.11,34325135,12684842,82.1,47.2,13.1,3.1168
1038,Film_0038,2012,Spring,Action,PG-13,Paramount,0,0,143212159,64828904,208041064,251662954,524104975,775767929,201200974,108513478,1085482382,2.87,327065771,27094750,26.0,58.1,66.5,4.2176
1039,Film_0039,2010,Holiday,Action,R,Lionsgate,0,0,178153801,87949860,266103662,247237170,545128968,792366138,248747827,83445027,1124558992,2.67,141875319,6201048,42.0,94.9,86.4,3.226
1040,Film_0040,2012,Fall,Horror,R,Warner Bros,0,0,21766767,15556711,37323477,64915283,64956213,129871497,43849207,17042493,190763197,2.49,233723162,4394142,65.7,44.3,40.7,4.1111
1041,Film_0041,2020,Holiday,Horror,PG-13,Sony,0,0,29135461,22967672,52103133,45828485,31958188,77786673,33436762,6876674,118100109,0.71,126189217,28982187,40.0,36.7,44.7,1.2667
1042,Film_0042,2009,Holiday,Thriller,R,Paramount,0,0,93665523,47307670,140973193,90326360,68166300,158492660,70125440,18484490,247102590,2.71,317350055,23739496,92.9,68.0,89.3,0.7528
1043,Film_0043,2003,Fall,Comedy,PG-13,Netflix,0,0,80432375,40910118,121342493,44316805,28075059,72391864,24528032,10777958,107697855,3.19,356870960,7542049,30.2,61.8,82.4,-0.1124
1044,Film_0044,2005,Summer,Romance,PG,Paramount,0,0,32930665,19401393,52332058,30311786,22519949,52831736,21132995,3834146,77798876,3.98,171484148,22915879,82.2,64.1,73.6,0.4866
1045,Film_0045,2006,Fall,Sci-Fi,PG-13,Paramount,0,0,198229600,157302349,355531949,167802009,290390568,458192578,163268771,40774546,662235895,0.54,347910510,27123737,59.6,73.4,32.1,0.8627
1046,Film_0046,2004,Summer,Sci-Fi,PG-13,A24,1,5,194853725,98904551,293758276,421963620,992165463,1414129083,505631168,138591350,2058351601,3.06,121488503,27633578,78.5,47.4,91.0,6.007
1047,Film_0047,2010,Summer,Romance,PG-13,Paramount,1,2,6997855,3938314,10936169,12352531,11919466,24271996,7418005,1548591,33238592,2.5,223171151,15780763,44.2,89.2,23.7,2.0393
1048,Film_0048,2012,Summer,Thriller,R,Netflix,1,5,51555953,39006822,90562775,86936856,55593700,142530555,41817218,8281576,192629349,2.02,346329343,16338516,60.1,58.3,65.8,1.127
1049,Film_0049,2018,Fall,Animation,R,Lionsgate,1,3,213030811,85461233,298492044,189539205,444665133,634204338,195081932,84331601,913617872,0.95,143834910,6726659,86.8,38.4,12.6,2.0608
1050,Film_0050,2022,Summer,Animation,PG-13,Paramount,0,0,128037014,53251412,181288426,255739526,550021934,805761461,291093899,118994399,1215849758,1.93,382536061,10135337,56.4,78.2,67.3,5.7067
1051,Film_0051,2009,Spring,Thriller,R,Disney,0,0,94361796,60545234,154907031,60925292,54454334,115379625,29517689,10438684,155335998,1.74,66314211,3281652,48.1,71.8,34.7,0.0028
1052,Film_0052,2009,Fall,Animation,G,Sony,0,0,264496563,201798200,466294763,591031340,1287520272,1878551612,810500696,110393055,2799445363,1.56,26944526,2591219,61.8,50.5,50.0,5.0036
1053,Film_0053,2010,Spring,Horror,G,Paramount,1,4,19694823,9759625,29454448,31927917,36981897,68909814,19381350,3898998,92190162,3.06,363571434,26653991,76.0,70.4,40.7,2.1299
1054,Film_0054,2020,Summer,Sci-Fi,R,Sony,1,1,197103158,115868414,312971572,342169143,799451474,1141620617,335656708,158835755,1636113080,2.95,46086493,4717635,54.6,44.3,25.4,4.2277
1055,Film_0055,2006,Holiday,Thriller,R,Disney,0,0,91352200,53001278,144353478,112071070,97045937,209117008,73955325,20154995,303227328,2.56,396917894,29883132,93.2,58.9,65.4,1.1006
1056,Film_0056,2017,Summer,Sci-Fi,PG-13,Disney,0,0,149164944,87886275,237051219,232537594,317553882,550091476,215648485,45109004,810848965,3.79,381530808,12272777,43.0,88.5,88.5,2.4206
1057,Film_0057,2003,Spring,Romance,PG,Sony,0,0,36032203,23385184,59417387,46301190,44413885,90715074,24415582,8857976,123988632,1.72,72067946,28668651,57.1,38.7,95.4,1.0867
1058,Film_0058,2001,Spring,Action,R,Universal,0,0,108668510,63885946,172554455,233672111,441885789,675557900,211813708,55281180,942652787,1.35,224282158,29215260,79.0,55.1,27.1,4.4629
1059,Film_0059,2013,Fall,Horror,G,Warner Bros,1,2,13383726,7749007,21132734,31325721,30728258,62053980,27535518,6137361,95726858,2.8,90269713,9336621,73.8,83.4,73.8,3.5298
1060,Film_0060,2012,Holiday,Drama,PG-13,A24,1,4,38159104,22503010,60662113,72106865,69270023,141376888,42762068,19220985,203359942,1.2,182698966,19563535,87.4,93.0,69.1,2.3523
1061,Film_0061,2011,Fall,Horror,R,Universal,0,0,33182830,21115793,54298623,17518707,10194279,27712986,8663358,3027093,39403437,1.6,43341549,1431253,97.8,59.5,40.6,-0.2743
1062,Film_0062,2006,Spring,Thriller,G,Universal,1,2,45895243,28216533,74111775,60698555,64328483,125027038,52173745,14936402,192137185,1.29,105091343,14744820,53.3,63.0,11.7,1.5925
1063,Film_0063,2001,Summer,Drama,G,Lionsgate,1,5,5748715,4263559,10012274,8637247,5063697,13700944,3562833,1184680,18448458,0.74,158043663,2344053,28.7,67.2,71.4,0.8426
1064,Film_0064,2012,Holiday,Action,PG,A24,0,0,86439142,36287043,122726185,96627269,167422301,264049570,90548574,32702694,387300838,3.4,186686050,15462324,22.4,90.6,94.1,2.1558
1065,Film_0065,2013,Summer,Thriller,PG-13,A24,0,0,11206236,8217834,19424070,19618721,15524328,35143049,11453940,4099848,50696837,1.39,391448578,17820171,76.7,85.8,66.3,1.61
1066,Film_0066,2016,Summer,Comedy,PG-13,Universal,0,0,35447112,26144721,61591833,68676858,59041187,127718045,40016280,7912925,175647249,2.16,326988945,14468689,88.2,41.1,48.7,1.8518
1067,Film_0067,2008,Holiday,Sci-Fi,PG,Paramount,0,0,287145839,147582397,434728235,151327754,236850113,388177866,119224918,41637621,549040406,0.65,300215779,14158790,37.2,58.4,56.7,0.263
1068,Film_0068,2016,Fall,Action,PG,Lionsgate,0,0,113131946,66198115,179330061,71529843,105173423,176703266,47405037,13371905,237480208,2.95,224075700,12438835,32.4,60.2,27.8,0.3243
1069,Film_0069,2007,Summer,Sci-Fi,PG-13,Lionsgate,0,0,139812687,80450373,220263060,314828413,394977764,709806177,222144608,92565516,1024516302,1.66,339199149,3807735,24.9,81.3,76.8,3.6513
1070,Film_0070,2001,Spring,Animation,PG-13,Disney,0,0,144839647,70595414,215435061,318309020,580289476,898598496,232386989,83204623,1214190108,3.11,148942678,22068342,84.2,69.2,76.4,4.636
1071,Film_0071,2023,Summer,Comedy,R,Netflix,0,0,80841394,45167602,126008996,149385262,151680995,301066257,122290938,44999897,468357091,1.94,289381663,10686886,44.3,72.5,23.0,2.7169
1072,Film_0072,2012,Holiday,Comedy,R,A24,1,2,97735119,40829345,138564464,120801651,103771993,224573644,74029704,13305998,311909347,1.19,397637911,28974248,51.3,94.9,88.1,1.251
1073,Film_0073,2002,Holiday,Action,PG,Universal,0,0,183377981,93729773,277107754,432804137,996447668,1429251805,484203022,182993949,2096448776,2.3,139558985,26038969,59.2,34.9,34.0,6.5655
1074,Film_0074,2015,Holiday,Comedy,R,Disney,0,0,48599819,35316170,83915989,82102188,64199238,146301426,62722189,17171424,226195038,0.96,276126663,12342981,85.5,44.5,97.4,1.6955
1075,Film_0075,2005,Fall,Drama,G,Sony,0,0,1012968,520488,1533456,749145,883365,1632510,622984,206920,2462414,2.04,340839648,2553413,70.8,56.5,44.1,0.6058
1076,Film_0076,2018,Summer,Comedy,R,Warner Bros,1,5,34132512,24823984,58956496,41601595,47951077,89552672,22532511,7231645,119316828,1.61,368006882,23963157,68.0,52.6,25.8,1.0238
1077,Film_0077,2006,Fall,Sci-Fi,R,Netflix,0,0,266054044,162995293,429049337,221183090,413032586,634215676,278189171,62917651,975322498,3.69,292814423,13877212,33.7,31.4,41.3,1.2732
1078,Film_0078,2009,Fall,Sci-Fi,G,Netflix,0,0,189535062,142519956,332055018,257591758,640368751,897960509,267079400,116421345,1281461254,0.71,127771011,26351435,60.0,36.0,49.2,2.8592
1079,Film_0079,2008,Holiday,Thriller,PG,Netflix,1,2,14185053,8935332,23120385,19537768,11569436,31107204,8446316,2278731,41832251,2.93,143987218,15520117,75.8,74.3,16.2,0.8093
1080,Film_0080,2001,Holiday,Sci-Fi,G,Lionsgate,1,4,58546941,24113570,82660512,72797072,176555447,249352519,100645069,18103821,368101409,1.14,27888052,2157387,95.9,87.2,61.5,3.4532
1081,Film_0081,2014,Fall,Thriller,R,Sony,1,3,60579356,40598351,101177707,70110325,43167740,113278065,39658137,11906102,164842303,1.62,309136672,3291241,35.7,63.4,63.2,0.6292
1082,Film_0082,2004,Summer,Sci-Fi,PG,Netflix,0,0,80742702,33745720,114488422,171019983,304467381,475487364,160122326,48669155,684278845,1.95,36241050,28302998,20.7,65.0,75.8,4.9768
1083,Film_0083,2021,Spring,Drama,R,Sony,0,0,19899462,11546440,31445902,16551118,13961455,30512573,9150739,2386884,42050196,3.68,348567895,8537821,25.9,46.6,12.6,0.3372
1084,Film_0084,2003,Fall,Romance,G,Paramount,1,5,30415888,23474091,53889979,14653019,11496608,26149627,9400642,2086938,37637207,1.35,65091034,18498201,49.3,79.9,58.2,-0.3016
1085,Film_0085,2019,Summer,Thriller,G,Netflix,1,4,17778215,8286098,26064313,34779534,39378555,74158090,22609090,5768351,102535531,0.82,85313075,12467877,84.0,78.9,14.7,2.9339
1086,Film_0086,2003,Holiday,Horror,R,Warner Bros,1,3,12596847,7003204,19600051,22735726,20978157,43713883,18810810,5558273,68082966,1.62,201080059,26011568,20.6,68.2,72.4,2.4736
1087,Film_0087,2017,Holiday,Animation,PG-13,Sony,1,2,95002609,65736497,160739107,270120164,455645316,725765480,212678966,83600988,1022045435,0.87,300394558,27694418,55.6,43.8,15.0,5.3584
1088,Film_0088,2003,Summer,Action,PG-13,Sony,0,0,72138896,54313622,126452518,108875934,182947119,291823053,124570807,38883005,455276865,0.95,72820838,27509265,45.7,36.3,91.1,2.6004
1089,Film_0089,2016,Spring,Sci-Fi,G,Warner Bros,1,5,75827239,50681198,126508437,57688056,72624363,130312419,47157600,19227246,196697265,2.51,187227009,3104325,24.1,34.2,72.5,0.5548
1090,Film_0090,2011,Holiday,Comedy,G,Netflix,0,0,89392205,44988353,134380558,108748043,114180027,222928070,92670669,21716857,337315596,0.71,203483484,3261623,55.1,68.5,55.2,1.5102
1091,Film_0091,2021,Holiday,Romance,PG-13,Warner Bros,0,0,11350109,7602793,18952902,17420415,11792905,29213320,11468250,1655501,42337070,0.61,100668544,18954066,39.9,83.6,49.3,1.2338
1092,Film_0092,2016,Holiday,Sci-Fi,PG-13,Sony,0,0,149344747,77463785,226808532,283758122,480400940,764159062,297516942,41882971,1103558975,3.0,63912183,4283799,47.4,85.8,21.6,3.8656
1093,Film_0093,2009,Summer,Comedy,R,Warner Bros,0,0,80894171,55604363,136498535,127111330,143100619,270211950,85081410,21499820,376793180,1.77,337839951,16440295,75.0,60.1,35.9,1.7604
1094,Film_0094,2021,Fall,Animation,R,Sony,0,0,221491934,173121031,394612965,141620100,325021409,466641509,138489581,66848477,671979567,0.94,210936947,6209716,60.7,81.0,87.3,0.7029
1095,Film_0095,2000,Holiday,Animation,PG-13,Sony,0,0,54344948,37419615,91764562,206323464,347699088,554022553,161872783,56688311,772583647,1.39,25464870,10745367,29.7,91.5,90.5,7.4192
1096,Film_0096,2021,Fall,Animation,R,Paramount,1,2,130782664,97452990,228235654,158273158,319962687,478235845,201546917,36909598,716692360,2.75,325132894,21164148,95.0,47.9,10.1,2.1401
1097,Film_0097,2023,Spring,Comedy,R,Universal,0,0,23046857,9238137,32284994,25527489,18797281,44324770,18354239,3985536,66664545,1.46,392701646,932184,69.6,55.9,62.9,1.0649
1098,Film_0098,2017,Holiday,Sci-Fi,PG,Sony,1,1,195028057,133989902,329017959,301335190,402216834,703552025,237881286,77291881,1018725192,2.23,250251954,10098333,79.7,90.5,74.0,2.0963
1099,Film_0099,2017,Holiday,Animation,R,Netflix,0,0,113556145,83104364,196660509,196479469,248203665,444683134,122946403,51269727,618899264,0.93,211409187,19614022,26.2,52.0,65.1,2.147
1100,Film_0100,2013,Spring,Drama,G,Disney,0,0,26573223,11060400,37633623,31952560,21627161,53579722,17491124,3503683,74574528,2.56,353798028,29000768,23.7,89.4,17.3,0.9816
1101,Film_0101,2014,Holiday,Thriller,R,Lionsgate,0,0,37782887,28285746,66068633,61574170,53203275,114777445,42911693,16952992,174642130,1.61,381956380,8017201,21.5,93.8,29.4,1.6433
1102,Film_0102,2011,Fall,Comedy,R,A24,0,0,95233239,47871625,143104864,82550164,71436196,153986361,52490968,16088067,222565396,2.69,306724028,20185303,34.7,73.0,32.3,0.5553
1103,Film_0103,2003,Summer,Comedy,PG-13,Universal,0,0,97062056,64654670,161716726,125787016,114749602,240536617,97666972,15290632,353494221,3.33,189272113,1158139,52.3,83.1,84.0,1.1859
1104,Film_0104,2002,Fall,Sci-Fi,G,Universal,0,0,83178663,59900445,143079108,74429241,123200035,197629277,88839215,27542313,314010804,2.64,245044132,20247640,93.0,78.7,51.2,1.1947
1105,Film_0105,2019,Summer,Comedy,R,Universal,0,0,11983164,7969593,19952757,18651279,17465701,36116980,10409868,2075420,48602268,1.54,286355439,16360467,55.7,75.5,53.3,1.4359
1106,Film_0106,2011,Summer,Comedy,R,Paramount,1,1,74800724,32681477,107482201,108931035,100238014,209169048,71521207,29445468,310135723,1.4,93823957,7092863,42.6,50.0,93.2,1.8855
1107,Film_0107,2006,Fall,Animation,PG,Sony,0,0,233224730,148920662,382145391,714975449,871567039,1586542489,533390477,237436500,2357369465,1.65,189936392,8734955,63.8,33.7,66.7,5.1688
1108,Film_0108,2010,Fall,Sci-Fi,R,Paramount,1,5,90595474,56154106,146749580,56607850,83180423,139788272,43459965,16780629,200028866,1.08,335332081,23885903,28.7,52.3,90.0,0.3631
1109,Film_0109,2000,Fall,Animation,R,Sony,0,0,97087271,73798802,170886073,181621941,386347397,567969338,164494770,72157507,804621614,1.13,268795632,21382729,67.5,73.4,50.6,3.7085
1110,Film_0110,2005,Fall,Thriller,PG,Netflix,1,2,59059498,33173477,92232975,105422531,72294458,177716989,46764168,14880294,239361451,3.27,176257546,23492457,64.3,36.7,23.3,1.5952
1111,Film_0111,2014,Spring,Romance,PG-13,Paramount,1,1,38589069,20391716,58980784,53640001,47634265,101274266,43287038,14599464,159160768,1.85,272077763,21594509,81.8,30.8,92.8,1.6985
1112,Film_0112,2014,Holiday,Thriller,R,Paramount,1,2,30466855,21324980,51791834,83219140,53231433,136450572,45570362,14050506,196071441,2.03,64924517,13909459,97.0,39.1,50.8,2.7858
1113,Film_0113,2018,Summer,Romance,PG,Lionsgate,0,0,6218346,3513801,9732147,8096735,5714387,13811122,4825317,1702067,20338506,2.58,172569092,13359305,39.6,76.5,26.2,1.0898
1114,Film_0114,2010,Fall,Animation,G,Disney,0,0,113826631,74947833,188774464,150964533,212298786,363263319,157434112,51732610,572430041,2.56,321388844,20338697,59.8,93.2,36.9,2.0323
1115,Film_0115,2022,Fall,Thriller,PG-13,Paramount,0,0,81252999,53511603,134764602,123703221,143984619,267687839,108482664,39488774,415659277,0.74,103793339,28397625,90.9,93.9,14.5,2.0843
1116,Film_0116,2001,Fall,Sci-Fi,G,Lionsgate,1,1,294657822,222530191,517188013,288539978,573339117,861879095,237965036,114906096,1214750228,3.41,90665373,23331128,81.2,62.1,51.7,1.3488
1117,Film_0117,2013,Spring,Action,G,Warner Bros,1,1,143574192,91812388,235386580,274629129,484201925,758831054,275519410,60935462,1095285926,1.12,381311091,9188458,58.0,86.5,85.9,3.6531
1118,Film_0118,2001,Fall,Animation,PG,Disney,1,1,54378998,32674243,87053241,151423832,334130841,485554673,164336200,71208900,721099774,3.03,99761099,12839990,93.7,77.9,93.1,7.2834
1119,Film_0119,2003,Fall,Romance,R,Netflix,0,0,25138980,11452025,36591005,10584654,11114616,21699270,8884597,2447937,33031805,3.2,119149060,22881281,24.5,62.6,93.0,-0.0973
1120,Film_0120,2016,Fall,Drama,PG,Paramount,1,5,13616515,6076983,19693499,19842127,18115138,37957265,14987294,5430328,58374886,3.0,388454057,17119576,92.6,67.2,21.1,1.9642
1121,Film_0121,2002,Holiday,Romance,PG,A24,1,3,33537831,15485377,49023208,52455565,26464077,78919642,30627225,9281779,118828646,2.53,299189257,25706963,23.9,38.9,44.0,1.4239
1122,Film_0122,2012,Spring,Drama,PG,Universal,0,0,25542653,11972848,37515501,28165158,29313209,57478366,18284384,4639878,80402628,0.55,285846683,13722119,62.7,90.9,12.5,1.1432
1123,Film_0123,2008,Fall,Comedy,PG,Warner Bros,0,0,29448141,19292974,48741115,31632300,31371076,63003376,25893931,5481448,94378755,1.76,344112026,26437789,89.5,52.9,86.1,0.9363
1124,Film_0124,2006,Summer,Thriller,PG-13,Warner Bros,1,3,18780626,13078687,31859313,44417538,41338406,85755945,22337559,9008420,117101924,2.62,64012771,803446,40.5,59.0,41.9,2.6756
1125,Film_0125,2014,Summer,Drama,R,Netflix,1,3,2662695,1629560,4292256,2670452,2756700,5427152,1530050,700111,7657313,1.86,288263370,3871484,56.8,73.7,66.2,0.784
1126,Film_0126,2022,Summer,Romance,G,Lionsgate,1,2,15484934,11328888,26813822,18998935,16320950,35319884,11200806,2889105,49409796,3.52,211401672,1898558,45.3,51.7,73.6,0.8427
1127,Film_0127,2010,Spring,Comedy,G,Warner Bros,0,0,77435534,61677813,139113347,61926674,61484412,123411086,32748549,13325080,169484715,1.58,335077243,26651487,94.3,46.5,48.3,0.2183
1128,Film_0128,2019,Spring,Action,R,Disney,1,4,256709721,186885974,443595695,597492976,1182858462,1780351438,528762339,150550967,2459664745,1.53,213093853,3261158,84.2,71.0,37.3,4.5448
1129,Film_0129,2001,Summer,Sci-Fi,G,Paramount,0,0,216742879,146941474,363684354,244828376,567993954,812822330,338158634,106948675,1257929639,1.43,255691715,2217479,75.3,31.6,95.6,2.4589
1130,Film_0130,2014,Fall,Sci-Fi,R,Paramount,0,0,194296309,119103070,313399379,154768829,360492435,515261264,226534773,49811754,791607791,1.66,201542008,27464256,65.8,76.8,95.8,1.5259
1131,Film_0131,2013,Spring,Sci-Fi,G,A24,0,0,137143417,79480264,216623681,131609093,281860316,413469409,128556103,23845725,565871237,2.45,201700391,1545716,84.0,63.4,35.8,1.6122
1132,Film_0132,2019,Summer,Drama,PG,Netflix,1,4,5960791,2585534,8546325,9273466,9014548,18288014,5539497,1218078,25045589,2.97,311828592,4323873,50.6,69.4,52.7,1.9306
1133,Film_0133,2021,Summer,Action,G,Universal,1,3,201238481,112642736,313881217,220029881,423624779,643654660,196944507,36115763,876714930,2.82,258855232,20239153,54.9,71.1,96.6,1.7931
1134,Film_0134,2010,Fall,Drama,R,Lionsgate,0,0,10495641,8019235,18514876,3219880,1712386,4932266,1507023,492883,6932172,3.33,260640017,29760462,76.9,64.3,10.4,-0.6256
1135,Film_0135,2002,Holiday,Thriller,R,Universal,0,0,40579972,29347803,69927776,47322913,45080769,92403682,23764937,5602780,121771399,3.6,191107344,11823620,47.9,67.9,46.7,0.7414
1136,Film_0136,2016,Spring,Drama,R,Warner Bros,1,3,32616751,15865458,48482209,14132504,9309346,23441850,10206189,1439658,35087696,3.36,221821609,4193793,25.0,74.4,18.9,-0.2763
1137,Film_0137,2011,Fall,Action,R,Netflix,0,0,238106941,139683797,377790738,176244707,314774663,491019371,143740828,70758261,705518460,0.57,303372713,16674882,25.8,79.0,55.3,0.8675
1138,Film_0138,2023,Summer,Action,R,A24,1,1,72620424,52772484,125392907,60483074,147944453,208427526,69614964,28609910,306652400,3.08,333857549,6615762,29.0,77.3,12.2,1.4455
1139,Film_0139,2020,Summer,Thriller,PG-13,Universal,0,0,77869691,33246762,111116454,89463170,93174721,182637891,46013311,17388709,246039911,1.23,284693333,11009308,87.8,86.5,46.2,1.2143
1140,Film_0140,2014,Fall,Action,PG-13,Disney,0,0,77277408,42885641,120163049,143566273,274806727,418373000,176382299,62162083,656917382,0.97,371147736,3053589,56.8,42.3,29.6,4.4669
1141,Film_0141,2015,Spring,Romance,G,Paramount,0,0,6192655,4587126,10779781,7627364,7157714,14785078,5858313,739530,21382921,2.73,331723153,23474865,75.6,56.1,57.5,0.9836
1142,Film_0142,2004,Holiday,Action,R,Warner Bros,0,0,241297716,135502939,376800655,474355136,961892711,1436247847,631017225,159995060,2227260132,1.62,233508240,18975629,50.6,91.6,98.6,4.911
1143,Film_0143,2019,Holiday,Sci-Fi,G,A24,1,1,281418708,121304368,402723076,851617459,1850311535,2701928994,1097856154,301650966,4101436114,0.7,275134308,28196893,40.2,55.8,81.2,9.1843
1144,Film_0144,2005,Summer,Romance,R,Universal,0,0,37770415,23304865,61075280,54060265,62162193,116222457,36347563,11127638,163697658,0.98,371997145,13527415,47.1,38.1,85.3,1.6803
1145,Film_0145,2018,Spring,Romance,R,Lionsgate,0,0,32546455,24237247,56783702,39200147,46941346,86141493,25805809,7726444,119673746,0.5,255283857,637799,81.9,64.2,66.5,1.1075
1146,Film_0146,2004,Holiday,Thriller,PG-13,Disney,1,5,60416403,38431733,98848136,111282589,117648530,228931119,89178575,21871693,339981386,3.66,333426640,22237340,68.8,37.1,13.7,2.4394
1147,Film_0147,2002,Spring,Horror,PG-13,Disney,0,0,11895341,5834803,17730144,39035322,40113237,79148559,25550940,7241780,111941280,0.59,281747991,9070397,93.1,43.2,28.4,5.3136
1148,Film_0148,2000,Spring,Horror,PG,Universal,0,0,37282437,20643130,57925567,158539347,103185418,261724766,95069690,32205036,388999491,1.23,229735817,21094996,73.0,94.9,92.3,5.7155
1149,Film_0149,2005,Summer,Action,PG-13,Paramount,1,1,143918063,83479578,227397641,412898011,846904110,1259802121,316527165,80042212,1656371499,1.96,111898514,25173161,64.5,65.2,42.6,6.284
1150,Film_0150,2014,Holiday,Romance,PG,Universal,1,2,31465647,19877055,51342701,64856383,53569931,118426313,31072357,8261884,157760555,1.75,181879057,25428598,67.6,48.5,19.2,2.0727
1151,Film_0151,2001,Fall,Horror,PG,Warner Bros,0,0,33180156,23350216,56530372,52595028,54770712,107365740,38337470,7306434,153009644,3.69,387742273,4670163,93.5,94.7,72.5,1.7067
1152,Film_0152,2002,Summer,Horror,PG,Universal,1,4,20322632,8932802,29255434,55901120,63753892,119655013,43460415,9123343,172238770,0.64,269950846,5128656,81.5,92.8,36.7,4.8874
1153,Film_0153,2016,Holiday,Action,PG,Disney,1,3,207552187,156880565,364432752,374053536,848406651,1222460187,489339308,125333760,1837133255,2.29,234470245,23421354,21.9,58.6,33.9,4.0411
1154,Film_0154,2023,Holiday,Horror,PG,A24,0,0,18554853,7513303,26068156,51852815,59405553,111258368,30751041,6800209,148809619,2.88,374523518,6382049,61.7,46.9,98.8,4.7085
1155,Film_0155,2011,Holiday,Drama,G,Universal,0,0,9851623,5398896,15250519,6844133,6754730,13598863,4795457,1860555,20254874,3.76,242874477,6188505,73.7,84.5,86.4,0.3281
1156,Film_0156,2017,Holiday,Comedy,PG-13,Paramount,1,5,50652714,20816651,71469364,156051504,144743936,300795440,86896653,23984271,411676364,2.67,219911357,9690617,78.4,76.5,46.3,4.7602
1157,Film_0157,2014,Holiday,Thriller,PG,Netflix,1,2,45764325,25499410,71263735,91123199,58308723,149431922,40143275,9900432,199475630,3.31,308538125,24964547,36.6,74.7,97.2,1.7991
1158,Film_0158,2011,Spring,Comedy,R,A24,0,0,18406717,11234081,29640798,12763571,6877874,19641445,6522907,2309090,28473443,0.79,290812935,4806080,87.6,88.1,67.9,-0.0394
1159,Film_0159,2015,Summer,Action,PG-13,Lionsgate,1,1,186421722,112724099,299145821,553409034,772443092,1325852126,374775080,71342287,1771969493,1.85,93400803,14889772,94.6,74.8,76.0,4.9234
1160,Film_0160,2007,Spring,Sci-Fi,PG-13,Sony,1,2,161104863,75115358,236220221,205580620,304752742,510333361,150219889,57155732,717708982,1.81,199097144,24350791,38.5,48.4,12.8,2.0383
1161,Film_0161,2013,Fall,Thriller,PG,Universal,0,0,26805097,17645693,44450790,35796736,23180070,58976806,18489873,7066592,84533270,3.6,199555868,7305080,88.8,75.1,20.8,0.9017
1162,Film_0162,2016,Holiday,Action,G,Paramount,0,0,196765427,82230511,278995938,152767020,235750929,388517949,117284897,27775790,533578637,1.03,163725316,17490019,27.6,49.9,66.3,0.9125
1163,Film_0163,2020,Summer,Romance,PG,A24,0,0,2482852,1749822,4232674,4349707,4782700,9132406,2443085,494944,12070435,1.03,216571523,19533129,24.3,79.4,90.0,1.8517
1164,Film_0164,2007,Holiday,Sci-Fi,G,Paramount,1,1,210643992,164019582,374663574,442180074,1041335552,1483515626,397557337,128123139,2009196102,1.65,176980811,25283762,30.1,70.3,65.5,4.3627
1165,Film_0165,2014,Summer,Comedy,R,Lionsgate,0,0,34879752,18692322,53572074,68251558,78431184,146682742,42339956,8780344,197803042,0.69,95751286,24066545,24.5,35.0,21.9,2.6923
1166,Film_0166,2013,Spring,Action,PG-13,Disney,1,2,175111327,106274321,281385648,335918605,678237078,1014155683,263793898,62520451,1340470033,1.14,176699265,11342852,85.9,63.3,20.3,3.7638
1167,Film_0167,2017,Summer,Romance,R,Paramount,1,3,5109334,2818125,7927459,9521592,6880633,16402225,6155614,1237156,23794996,3.88,47465240,4715645,24.6,52.3,85.1,2.0016
1168,Film_0168,2019,Fall,Thriller,G,A24,1,5,27625673,11124421,38750094,25159629,25778511,50938141,15661713,4051966,70651819,2.0,238798628,23928370,41.2,51.4,22.4,0.8233
1169,Film_0169,2006,Fall,Thriller,G,Paramount,0,0,90726214,50294059,141020272,149763027,120076802,269839829,82557278,27792702,380189809,2.71,344388729,26920153,28.1,69.1,56.3,1.696
1170,Film_0170,2002,Summer,Animation,R,Paramount,1,4,278559129,199640014,478199143,566496832,827869802,1394366634,441177127,164311033,1999854793,3.04,295609092,3370581,43.0,51.0,13.3,3.1821
1171,Film_0171,2011,Summer,Romance,G,Paramount,0,0,19015931,12139685,31155616,21459918,14978182,36438100,13939732,3981850,54359682,1.78,156949735,24967151,27.1,80.5,17.2,0.7448
1172,Film_0172,2020,Summer,Drama,R,Warner Bros,1,2,39671948,17475650,57147598,65269377,51759112,117028489,49634916,7587663,174251068,1.02,53087058,24292448,72.1,34.6,69.8,2.0491
1173,Film_0173,2023,Summer,Horror,PG-13,Warner Bros,0,0,38859248,28711381,67570629,198627495,139985011,338612505,136060392,22757674,497430571,1.22,96816772,8620459,30.4,72.9,71.3,6.3616
1174,Film_0174,2002,Fall,Sci-Fi,R,Disney,0,0,181655949,111252305,292908254,155808541,322025635,477834176,188986210,65882307,732702692,1.6,227286329,12383287,86.4,82.6,40.4,1.5015
1175,Film_0175,2019,Holiday,Romance,PG-13,Universal,1,1,31569864,23257183,54827047,57744272,40746849,98491122,34164427,10423831,143079379,2.73,98681692,22291265,83.7,73.7,29.2,1.6096
1176,Film_0176,2013,Summer,Animation,R,Paramount,0,0,169173869,106932875,276106744,192050995,417212765,609263761,236858057,83465348,929587165,1.89,226709782,7100500,21.1,62.3,82.4,2.3668
1177,Film_0177,2014,Summer,Horror,G,Lionsgate,0,0,17073106,10651491,27724597,87342744,82623291,169966035,61281674,14813331,246061040,0.52,108007629,17356056,89.9,91.8,29.3,7.8752
1178,Film_0178,2013,Fall,Horror,R,Universal,1,4,22435026,9918607,32353633,32769786,30086095,62855881,18432494,7004659,88293035,2.33,342591070,5908647,22.3,49.5,58.2,1.729
1179,Film_0179,2006,Fall,Action,G,Lionsgate,1,5,236718929,110534458,347253387,313115092,769462385,1082577476,315806983,110819496,1509203955,3.73,170963160,661297,38.7,31.2,96.2,3.3461
1180,Film_0180,2016,Spring,Horror,R,Universal,1,2,3679800,2902664,6582464,7862672,4989785,12852456,3974987,1052775,17880219,3.34,113309238,28635480,22.5,58.1,23.2,1.7163
1181,Film_0181,2011,Summer,Drama,R,Disney,1,3,17547579,8622787,26170366,33279040,23526890,56805930,24549281,5509694,86864906,3.39,328683948,2431375,46.2,32.1,93.7,2.3192
1182,Film_0182,2019,Spring,Thriller,PG,Paramount,0,0,75937171,60064848,136002019,152135814,142053948,294189762,105756209,29492255,429438226,3.28,150278807,4743460,60.1,92.0,26.3,2.1576
1183,Film_0183,2003,Fall,Animation,G,Paramount,0,0,157715523,96642565,254358088,256108614,574132096,830240710,329423802,58180859,1217845371,1.63,62365321,2805433,82.1,43.6,60.5,3.7879
1184,Film_0184,2008,Fall,Horror,PG,Sony,0,0,36057132,16381318,52438450,107289429,91671437,198960866,63530543,16215517,278706926,3.18,236755607,6426069,46.4,81.3,43.6,4.3149
1185,Film_0185,2005,Holiday,Action,G,Lionsgate,0,0,67820068,29821900,97641967,44852450,54156380,99008830,32825700,12786097,144620627,1.0,240994398,21497458,75.0,80.3,95.9,0.4811
1186,Film_0186,2015,Summer,Drama,PG,Universal,1,1,9885854,4780262,14666116,13119610,14943914,28063524,7720643,3973201,39757368,2.8,291584357,7239202,34.6,44.2,34.3,1.7108
1187,Film_0187,2021,Spring,Comedy,PG-13,Universal,1,4,87118654,67103573,154222227,82521680,60887728,143409408,40765414,12330256,196505078,2.75,111283385,2587001,78.5,70.4,45.6,0.2742
1188,Film_0188,2021,Fall,Thriller,R,Netflix,0,0,20587959,11645787,32233746,27912580,22858544,50771124,21093945,4097089,75962158,0.59,188633109,19958938,38.4,33.1,97.5,1.3566
1189,Film_0189,2020,Fall,Thriller,G,Netflix,0,0,76575730,42742559,119318289,108268372,105526982,213795354,78455995,14862992,307114342,3.26,127299809,3955673,31.2,61.4,57.7,1.5739
1190,Film_0190,2020,Spring,Animation,G,Warner Bros,1,5,169795807,89190767,258986574,374281879,916806172,1291088051,409928839,152153587,1853170477,3.66,50762420,8105502,34.5,31.0,54.7,6.1555
1191,Film_0191,2001,Holiday,Thriller,R,Sony,0,0,98957439,45404121,144361560,116243064,86347694,202590757,83177736,16675239,302443733,1.44,353113254,25538411,34.2,89.9,32.9,1.095
1192,Film_0192,2023,Fall,Horror,G,A24,1,1,3700918,2202566,5903484,16371480,13178245,29549724,8844350,4396259,42790333,3.34,296970526,2231530,60.0,93.4,72.4,6.2483
1193,Film_0193,2007,Summer,Action,G,Netflix,0,0,204337939,92364654,296702593,395239508,682900886,1078140395,479995154,89020414,1647155963,0.79,134555963,5858699,85.9,44.4,11.3,4.5515
1194,Film_0194,2010,Fall,Thriller,PG,A24,1,2,75266699,55260216,130526915,43621232,30303251,73924483,23579213,6609855,104113551,2.6,247761737,12301243,26.2,43.5,14.4,-0.2024
1195,Film_0195,2012,Summer,Thriller,G,Warner Bros,0,0,39071008,21417117,60488124,98538060,59081319,157619378,50038193,17390685,225048257,2.2,96480239,7273329,75.1,79.0,63.3,2.7205
1196,Film_0196,2016,Spring,Comedy,PG-13,Warner Bros,1,2,99737034,54847532,154584566,119609798,86025070,205634868,64236710,26767168,296638746,2.41,358289916,9030508,71.0,46.5,40.4,0.9189
1197,Film_0197,2007,Summer,Comedy,PG-13,Warner Bros,1,3,98180421,57887429,156067850,227154666,248660296,475814962,130574238,46131149,652520348,3.74,63664410,6052612,88.1,88.2,94.8,3.181
1198,Film_0198,2020,Spring,Sci-Fi,R,Lionsgate,1,2,195233013,112776562,308009575,193425895,236423450,429849345,117016782,39660309,586526436,3.55,21458115,7589109,39.0,67.3,90.4,0.9042
1199,Film_0199,2017,Summer,Drama,G,Lionsgate,1,2,5444309,4344249,9788558,4341325,5184355,9525681,3616149,1424697,14566526,3.25,210763115,7329313,55.1,52.8,73.5,0.4881
1200,Film_0200,2017,Spring,Horror,R,Disney,1,3,19954605,12334988,32289592,69071875,60693596,129765471,55153389,6624445,191543305,1.46,241588573,12262302,92.2,84.1,82.8,4.932
1201,Film_0201,2013,Summer,Thriller,PG-13,Disney,1,5,18372744,7997300,26370044,34872925,41477579,76350505,31158954,10651394,118160853,3.69,240006822,15217924,71.5,62.1,69.4,3.4809
1202,Film_0202,2014,Holiday,Romance,G,Warner Bros,0,0,21309958,13696995,35006953,24751023,28644297,53395321,14855727,3466108,71717156,0.84,40714532,15382694,50.3,89.3,21.2,1.0487
1203,Film_0203,2005,Summer,Thriller,G,Sony,1,2,84066260,38723754,122790014,213086094,174084861,387170954,139039449,49787292,575997695,3.49,139336647,12866105,30.3,90.3,78.1,3.6909
1204,Film_0204,2010,Summer,Action,R,Universal,1,3,180620260,74483290,255103550,216535545,261347578,477883123,129562864,53424063,660870050,1.65,209695600,23489911,40.5,40.8,28.7,1.5906
1205,Film_0205,2012,Holiday,Sci-Fi,PG-13,Lionsgate,0,0,80805664,63698851,144504515,150072675,363166549,513239224,132959204,43206905,689405332,0.69,102300091,9557483,65.3,30.2,38.8,3.7708
1206,Film_0206,2000,Fall,Drama,G,Sony,1,4,5321511,3775162,9096673,3445432,2301523,5746954,2191182,789560,8727696,2.84,351597836,5290287,76.0,94.0,82.9,-0.0406
1207,Film_0207,2005,Fall,Romance,R,Paramount,1,5,24342731,19280505,43623236,1844675,1839312,3683988,1315296,188954,5188238,1.31,53101530,17530294,29.7,88.9,57.8,-0.8811
1208,Film_0208,2008,Summer,Sci-Fi,PG-13,Lionsgate,1,1,96146282,56837007,152983290,233064275,398020570,631084845,168123992,45860346,845069183,1.35,205206088,15946951,66.8,33.6,86.5,4.5239
1209,Film_0209,2007,Holiday,Animation,R,Lionsgate,0,0,123819572,75889389,199708961,194810793,251330631,446141424,114652925,47598507,608392856,1.57,282738102,17646109,62.9,84.1,29.0,2.0464
1210,Film_0210,2010,Summer,Drama,PG,Disney,0,0,22453586,10493342,32946927,33028278,26889813,59918091,26840386,5102279,91860755,0.72,119465418,3601883,60.1,59.8,64.1,1.7881
1211,Film_0211,2021,Spring,Thriller,G,Universal,1,4,78362417,39084272,117446689,93267853,106256603,199524456,51079112,22154747,272758314,1.12,257211480,22676072,73.8,46.8,17.5,1.3224
1212,Film_0212,2018,Spring,Thriller,PG,Universal,1,1,98925901,72752055,171677956,79599571,50352730,129952300,44041569,6810933,180804802,0.52,335166357,1215295,85.3,87.1,67.2,0.0532
1213,Film_0213,2023,Summer,Drama,PG-13,Netflix,0,0,11677861,6334939,18012800,10029607,5050094,15079701,5291826,929602,21301129,2.06,92328051,19156014,45.2,42.8,77.9,0.1826
1214,Film_0214,2008,Fall,Thriller,PG,A24,1,1,68650113,50164422,118814534,135343363,73365236,208708599,57072625,13088038,278869262,0.79,368543825,21277956,89.3,91.6,62.1,1.3471
1215,Film_0215,2016,Fall,Horror,PG,A24,1,2,27363309,18705708,46069017,48148050,54567939,102715989,29152067,7080045,138948100,2.89,230352242,26658476,32.5,43.4,33.7,2.0161
1216,Film_0216,2011,Summer,Drama,PG-13,A24,0,0,20345866,9580225,29926090,48614941,46342753,94957694,30420742,9109590,134488026,1.32,133708162,1554212,33.5,69.9,12.8,3.494
1217,Film_0217,2013,Summer,Sci-Fi,R,A24,1,4,181624799,109515857,291140656,375722688,636048148,1011770836,407070996,126686730,1545528562,3.8,183726145,19635946,40.8,44.5,20.6,4.3085
1218,Film_0218,2014,Spring,Drama,PG,Paramount,0,0,39704201,26639729,66343930,36826292,22980886,59807178,21017228,8406131,89230537,3.55,138632916,3985001,29.3,65.5,65.4,0.345
1219,Film_0219,2015,Fall,Romance,R,Paramount,0,0,27186742,13430655,40617398,14325733,10113777,24439510,9227879,3263585,36930974,1.51,295542241,2580563,38.0,74.5,93.2,-0.0908
1220,Film_0220,2021,Summer,Thriller,PG,Lionsgate,0,0,31990595,23425926,55416520,61378625,35621567,97000191,43362472,6759826,147122489,3.24,322594252,27634796,28.3,42.4,28.4,1.6548
1221,Film_0221,2021,Spring,Horror,R,Warner Bros,1,3,35291478,21807700,57099178,93931489,108873457,202804946,81852297,19086999,303744241,3.31,336516209,25949640,84.1,63.9,75.4,4.3196
1222,Film_0222,2019,Fall,Horror,PG-13,Disney,0,0,11078833,5163809,16242642,11443727,12003832,23447558,7898833,1639949,32986341,3.95,394591935,27506644,30.8,60.5,87.1,1.0308
1223,Film_0223,2000,Holiday,Animation,PG,Disney,0,0,248435963,157308104,405744066,686756584,1265274817,1952031401,662301580,149227299,2763560281,2.59,320688031,16456333,78.3,34.6,56.4,5.8111
1224,Film_0224,2009,Spring,Sci-Fi,PG-13,A24,0,0,211651478,169296953,380948432,387893312,899663801,1287557114,481230156,129212405,1897999675,0.79,248525947,21992913,23.7,83.2,69.6,3.9823
1225,Film_0225,2007,Fall,Comedy,PG,Lionsgate,0,0,91482389,42100982,133583370,152023293,102558067,254581359,97523256,14462997,366567612,2.76,148903713,5743534,94.0,51.8,82.5,1.7441
1226,Film_0226,2017,Fall,Comedy,PG-13,Netflix,1,5,76570417,55643934,132214351,87476287,87649875,175126161,61319057,12577111,249022330,2.69,226946271,28341897,75.5,67.3,33.2,0.8835
1227,Film_0227,2000,Spring,Drama,PG-13,Sony,0,0,30179484,14574385,44753870,26722864,29376251,56099116,21260008,8052345,85411468,2.73,35605906,11565982,20.5,63.5,36.4,0.9085
1228,Film_0228,2001,Holiday,Animation,PG,Warner Bros,0,0,242486175,172881811,415367986,668579070,1627295316,2295874386,584774127,221808165,3102456678,1.58,303033529,24946726,79.6,63.4,10.1,6.4692
1229,Film_0229,2000,Spring,Action,PG,Lionsgate,1,5,189159264,131244594,320403858,567046086,1294385595,1861431681,625300642,175977243,2662709566,3.51,189463107,11613511,60.1,37.0,95.7,7.3105
1230,Film_0230,2000,Fall,Drama,PG,Warner Bros,0,0,3100470,1612851,4713321,2983815,2108217,5092032,1557080,262019,6911132,3.86,27608827,17403067,80.8,57.5,91.7,0.4663
1231,Film_0231,2008,Summer,Animation,G,Warner Bros,0,0,125515125,66564342,192079467,303052777,703910942,1006963719,277755726,75260443,1359979887,1.26,43752638,19927743,60.8,59.4,78.0,6.0803
1232,Film_0232,2012,Summer,Sci-Fi,R,Warner Bros,0,0,232989517,167055477,400044994,173741387,233348976,407090364,109877476,55620448,572588288,0.81,167237256,5361282,70.0,77.7,17.0,0.4313
1233,Film_0233,2000,Spring,Sci-Fi,G,Lionsgate,0,0,262793565,153623391,416416956,260042902,624769020,884811922,327945304,58807116,1271564342,1.18,241700177,18072094,81.3,84.6,49.8,2.0536
1234,Film_0234,2012,Fall,Sci-Fi,G,A24,0,0,217856167,150827753,368683920,258684264,522836226,781520490,277221034,71518889,1130260413,3.37,196397501,2553262,51.6,65.4,19.1,2.0657
1235,Film_0235,2019,Summer,Sci-Fi,PG-13,Disney,0,0,252382494,115892441,368274935,401539433,510239359,911778792,274187222,46895601,1232861615,2.87,255297641,19214351,20.2,35.6,11.4,2.3477
1236,Film_0236,2021,Fall,Sci-Fi,PG,Disney,0,0,241664034,179078635,420742668,132969064,270928954,403898017,139017663,39514776,582430457,2.73,202511818,28073987,86.3,45.4,64.8,0.3843
1237,Film_0237,2006,Spring,Animation,R,A24,1,5,87425992,59830317,147256309,319132980,787148500,1106281480,385479869,57639600,1549400949,1.91,271447461,28207220,49.7,40.7,95.5,9.5218
1238,Film_0238,2001,Summer,Animation,PG-13,Warner Bros,0,0,155986203,118982707,274968911,192590254,248584108,441174362,127500183,58217790,626892335,2.52,103267905,25463781,58.7,38.1,90.4,1.2799
1239,Film_0239,2005,Fall,Horror,G,Sony,1,5,38640060,17501975,56142035,192987177,119910679,312897855,119032168,41454390,473384414,1.58,62880411,23726944,20.6,53.8,72.0,7.4319
1240,Film_0240,2006,Summer,Romance,PG,Universal,1,3,20047371,12774301,32821672,23795955,19990321,43786276,17785279,5638543,67210098,2.17,246644903,25892003,58.4,44.9,18.6,1.0477
1241,Film_0241,2013,Spring,Comedy,PG-13,Lionsgate,0,0,25041881,16017995,41059876,30027005,17471107,47498112,19393133,3720831,70612076,3.28,204182016,2572171,96.9,44.2,34.4,0.7197
1242,Film_0242,2017,Fall,Thriller,PG,Universal,1,3,68975417,37342208,106317624,67846474,66320418,134166892,49708024,17941296,201816212,3.93,30209709,29314268,41.7,33.6,38.5,0.8982
1243,Film_0243,2014,Summer,Sci-Fi,PG-13,Netflix,0,0,183839525,107249510,291089036,405471828,594185117,999656945,352206849,104264033,1456127826,3.76,164583116,5960388,50.8,31.1,77.9,4.0023
1244,Film_0244,2001,Spring,Action,PG,A24,1,2,94611491,39281993,133893485,64501475,80952252,145453727,38138175,12709865,196301767,3.77,60327722,14774198,73.6,36.7,81.4,0.4661
1245,Film_0245,2009,Summer,Thriller,G,Sony,0,0,16937021,11827867,28764888,8109356,8220602,16329958,5022544,1837659,23190161,1.91,221915596,25658876,83.6,41.2,44.3,-0.1938
1246,Film_0246,2022,Summer,Animation,R,Lionsgate,0,0,107561542,66659006,174220548,269983100,482941555,752924655,202276438,38575421,993776513,2.14,170395518,21821556,52.6,58.0,47.2,4.7041
1247,Film_0247,2011,Holiday,Action,G,A24,0,0,101546541,42963978,144510519,132854878,323284770,456139648,201962504,29327995,687430147,2.97,252997726,11367948,44.2,63.2,14.0,3.757
1248,Film_0248,2016,Holiday,Action,R,Warner Bros,1,3,209490198,140840754,350330952,356515791,455907538,812423329,225054285,100926825,1138404439,3.73,326128843,23389456,93.2,39.1,35.7,2.2495
1249,Film_0249,2007,Spring,Action,PG,Disney,0,0,114220962,67014904,181235866,98467861,205897671,304365532,85330424,22649714,412345670,1.0,133874100,1700346,72.8,57.6,50.2,1.2752
1250,Film_0250,2010,Holiday,Horror,PG-13,Universal,1,5,23509739,9727965,33237704,135566871,72077439,207644310,88854182,22799535,319298027,1.56,385598800,15615750,29.3,52.2,20.4,8.6065
1251,Film_0251,2002,Spring,Animation,G,Paramount,0,0,64613654,50905420,115519074,134598005,191514714,326112720,143093584,28864322,498070625,0.99,223541110,26151111,25.4,41.9,50.3,3.3116
1252,Film_0252,2005,Holiday,Action,R,Paramount,1,3,85443598,66615662,152059260,120982584,216516808,337499393,136068215,45724613,519292221,2.64,254950504,12872428,57.7,30.4,85.9,2.4151
1253,Film_0253,2008,Summer,Sci-Fi,G,Sony,0,0,118635064,71793310,190428373,69559687,124604644,194164331,48750972,28200725,271116028,1.57,278655502,23491510,37.2,60.4,61.7,0.4237
1254,Film_0254,2005,Spring,Drama,R,Warner Bros,1,2,22763651,9958391,32722041,40022246,22976662,62998909,15766690,8716307,87481905,1.64,273357981,29633434,39.8,74.6,17.0,1.6735
1255,Film_0255,2008,Spring,Action,G,Netflix,0,0,218960311,153676964,372637275,445938161,1062794138,1508732299,491273643,116265928,2116271869,0.75,214168882,2260399,88.5,44.7,27.1,4.6792
1256,Film_0256,2006,Summer,Horror,R,Universal,0,0,29926770,17859472,47786242,76176224,65983854,142160078,39617039,9868225,191645342,1.72,182930431,25961725,27.0,38.6,52.2,3.0105
1257,Film_0257,2008,Spring,Thriller,R,Warner Bros,0,0,15318450,7980591,23299041,16624425,16454573,33078998,8391388,3223333,44693719,3.52,40437146,15258076,75.8,87.7,42.2,0.9183
1258,Film_0258,2017,Spring,Animation,PG,Universal,0,0,231129213,137884124,369013337,228370023,535778986,764149009,261960472,38767889,1064877370,1.32,28392621,6636062,41.1,47.9,41.9,1.8857
1259,Film_0259,2011,Holiday,Romance,R,Sony,1,1,8564201,5215407,13779608,17034871,15202019,32236890,14139499,1695046,48071436,2.93,156025254,16093539,79.3,44.5,57.1,2.4886
1260,Film_0260,2007,Spring,Horror,PG,Sony,0,0,35312843,22073517,57386360,58029759,67306478,125336237,39451325,13201549,177989110,2.7,146791138,11973511,76.3,85.7,62.0,2.1016
1261,Film_0261,2007,Fall,Action,R,Netflix,1,2,254676764,146818477,401495241,197031339,401027912,598059250,228595072,61028921,887683243,3.52,167324159,13023855,20.6,83.1,80.9,1.2109
1262,Film_0262,2017,Summer,Animation,PG-13,Paramount,0,0,200804853,128977383,329782235,472602579,615387718,1087990297,413922721,162609070,1664522088,0.96,72579916,17177534,59.7,59.1,40.3,4.0473
1263,Film_0263,2019,Holiday,Drama,PG-13,Warner Bros,0,0,29951574,22987650,52939224,24999110,26148864,51147974,15355441,3589779,70093194,3.92,300503943,23624788,30.9,61.8,81.7,0.324
1264,Film_0264,2014,Holiday,Action,PG-13,Lionsgate,0,0,276381198,150602114,426983312,285749164,378155007,663904172,252340050,50330836,966575058,2.54,345646478,23712905,87.6,44.2,40.1,1.2637
1265,Film_0265,2006,Fall,Horror,R,Paramount,0,0,24984151,17246225,42230376,45228990,25009948,70238938,20542557,4309444,95090939,3.98,376711561,14163640,88.0,35.1,14.9,1.2517
1266,Film_0266,2010,Summer,Comedy,PG,Warner Bros,1,1,44345075,33603856,77948931,65872521,49607211,115479732,31687810,16369749,163537291,3.69,207097675,4643403,52.6,67.3,59.3,1.098
1267,Film_0267,2019,Summer,Sci-Fi,PG,Paramount,0,0,211322459,123072449,334394908,214022277,275336640,489358917,190985362,62530833,742875112,1.28,286328966,2703531,54.7,36.4,62.3,1.2216
1268,Film_0268,2015,Holiday,Romance,R,Lionsgate,0,0,22009131,12707683,34716814,36497450,33196434,69693884,19004697,9215895,97914476,0.7,345109427,18346628,43.7,59.2,93.2,1.8204
1269,Film_0269,2003,Spring,Thriller,PG-13,Disney,1,2,82211890,52685226,134897116,138199644,90989633,229189277,102993500,32149842,364332619,1.39,178950622,21692959,75.9,91.1,74.6,1.7008
1270,Film_0270,2005,Holiday,Horror,PG-13,Disney,1,1,34073864,21690151,55764015,131422031,148111128,279533159,80139496,28649353,388322008,2.35,137576862,10921231,48.0,91.9,91.7,5.9637
1271,Film_0271,2021,Summer,Animation,PG,Netflix,0,0,135890119,98199056,234089175,225510912,342815335,568326247,209614845,54058806,831999897,1.1,375955331,26901120,40.9,45.6,90.8,2.5542
1272,Film_0272,2002,Fall,Romance,PG-13,Disney,0,0,33474538,19769840,53244378,31704752,31381162,63085915,20961867,5238601,89286382,1.09,215957089,3803131,53.7,70.6,63.8,0.6769
1273,Film_0273,2008,Holiday,Romance,G,Disney,1,2,1430233,1141968,2572201,2403601,2239822,4643423,1278229,505768,6427420,2.12,208956477,23543592,27.1,60.8,57.0,1.4988
1274,Film_0274,2009,Summer,Romance,PG,A24,0,0,30232274,12812094,43044368,43767113,48337538,92104652,23539074,8789348,124433073,0.62,87798117,20230244,78.2,86.9,59.6,1.8908
1275,Film_0275,2013,Holiday,Action,PG-13,Universal,0,0,217400654,87235739,304636393,476144956,1175622403,1651767359,618663611,157176498,2427607467,0.93,61098906,7990291,21.0,47.6,97.1,6.9689
1276,Film_0276,2010,Spring,Sci-Fi,PG,A24,0,0,67482901,44274136,111757038,66771994,139452637,206224631,84830814,29632992,320688437,1.96,340000608,22663125,70.3,30.2,78.8,1.8695
1277,Film_0277,2017,Holiday,Action,G,A24,1,1,210042056,109090375,319132431,11147177,18817254,29964432,12537212,4446816,46948460,0.72,253370607,17674811,34.3,40.6,19.5,-0.8529
1278,Film_0278,2021,Holiday,Animation,PG,Netflix,1,3,117786859,58440298,176227157,327796515,734295485,1062091999,368060223,137698570,1567850792,1.89,143813342,6688343,38.1,52.7,79.3,7.8968
1279,Film_0279,2011,Summer,Action,PG,A24,0,0,198202998,104008932,302211930,402884747,946762346,1349647093,547269876,169617990,2066534959,2.16,92859763,15786370,69.6,50.5,25.2,5.838
1280,Film_0280,2022,Summer,Comedy,PG,Disney,0,0,85551482,42982692,128534174,145656499,97935193,243591692,93677918,28757416,366027026,2.08,231088966,4293092,97.4,81.4,49.8,1.8477
1281,Film_0281,2011,Summer,Sci-Fi,PG,Lionsgate,0,0,107707297,44409444,152116741,289738575,423226605,712965180,281514947,47488818,1041968945,3.54,241889330,2231041,80.7,74.2,28.7,5.8498
1282,Film_0282,2012,Holiday,Sci-Fi,G,Netflix,1,1,164214661,129501852,293716513,612897972,907760190,1520658162,529979480,85020883,2135658525,2.36,98657568,25011341,37.6,49.5,71.4,6.2712
1283,Film_0283,2012,Spring,Animation,R,Netflix,0,0,97581216,47648732,145229947,120748368,253399549,374147916,140934916,44550777,559633609,2.14,343534184,6613100,33.7,59.8,88.1,2.8534
1284,Film_0284,2018,Fall,Thriller,PG,Sony,0,0,66541430,46153928,112695358,72495627,75934496,148430122,61020393,18238889,227689404,1.94,52020459,16968585,87.6,36.2,35.8,1.0204
1285,Film_0285,2018,Fall,Comedy,PG,Netflix,1,5,57940830,40850519,98791349,103538818,69169057,172707875,56920515,9446654,239075044,3.36,155315372,16574092,54.6,88.4,17.3,1.42
1286,Film_0286,2022,Summer,Horror,PG-13,Sony,0,0,6375093,4919678,11294771,15165418,9114666,24280083,9983868,3467322,37731273,3.63,278546077,20867727,30.7,90.8,36.6,2.3406
1287,Film_0287,2013,Summer,Action,PG,Netflix,1,3,298870123,123200177,422070300,421563040,931099961,1352663001,498325606,79961407,1930950014,3.49,124165738,2917209,87.3,93.7,69.8,3.5749
1288,Film_0288,2003,Holiday,Drama,PG-13,Universal,0,0,1073315,803719,1877035,904083,469287,1373370,388911,107933,1870215,2.86,334516574,17804141,83.7,86.5,39.3,-0.0036
1289,Film_0289,2012,Fall,Action,R,Disney,0,0,133392387,81488139,214880526,139709894,230767104,370476998,94448232,43434346,508359575,0.98,301149774,24034666,96.7,41.3,34.8,1.3658
1290,Film_0290,2007,Summer,Romance,G,Netflix,0,0,2133784,1393398,3527182,2312730,1509708,3822439,1232930,256055,5311424,1.47,319828681,3425609,91.0,33.0,26.4,0.5059
1291,Film_0291,2022,Spring,Action,G,Disney,1,4,72191849,47486940,119678788,104497390,179186906,283684296,101938906,15756277,401379478,0.66,65260484,29573829,86.4,67.7,54.3,2.3538
1292,Film_0292,2020,Spring,Horror,R,Disney,1,5,8071452,5875364,13946816,13003568,11730593,24734161,10337991,2055771,37127923,3.76,73407909,9645155,24.1,89.3,34.6,1.6621
1293,Film_0293,2022,Summer,Action,G,Paramount,1,1,208740011,111334184,320074195,576851096,1361057685,1937908781,533888319,245333743,2717130843,2.81,128860020,15541716,28.1,41.5,75.1,7.4891
1294,Film_0294,2018,Summer,Comedy,R,Netflix,0,0,35544560,24640217,60184777,61811402,60707066,122518468,50237628,11194251,183950348,3.11,216869323,17883968,64.4,30.5,16.8,2.0564
1295,Film_0295,2011,Fall,Comedy,R,Warner Bros,1,1,84208133,51487483,135695616,143815650,162284527,306100176,129358488,35292521,470751186,1.59,304246109,18616678,61.5,82.4,69.1,2.4692
1296,Film_0296,2017,Fall,Sci-Fi,R,Paramount,0,0,152369463,109303393,261672857,141545487,315113127,456658614,127927201,49301736,633887552,3.46,337881738,24104791,55.7,35.0,31.1,1.4224
1297,Film_0297,2005,Holiday,Animation,G,Warner Bros,0,0,155672278,123949134,279621413,389765336,678613986,1068379322,449059983,55792743,1573232048,1.41,287647420,11099528,50.9,56.9,53.5,4.6263
1298,Film_0298,2017,Fall,Thriller,PG-13,Disney,1,2,75722153,36366352,112088505,129514858,145978648,275493506,123501180,41008310,440002996,0.51,372866815,8187268,53.6,74.1,35.5,2.9255
1299,Film_0299,2018,Spring,Drama,R,Disney,0,0,9792111,7812729,17604840,5485407,5791222,11276629,4458416,610548,16345593,1.82,300722534,23394898,64.4,45.4,74.3,-0.0715
1300,Film_0300,2021,Spring,Romance,PG,Paramount,0,0,28414794,12386715,40801509,35764175,21845214,57609389,23444368,8455922,89509679,2.5,136381797,7704425,20.2,35.5,94.1,1.1938
